12 0 0 0 -1
2 10 0 0 0
6 0 6 0 0
9 0 0 3 0
0 10 2 0 13
0 10 0 2 13
2 4 6 0 13
2 7 0 3 13
0 6 6 0 25
3 0 6 3 25
6 6 0 0 25
6 0 3 3 25
0 9 0 3 36
9 3 0 0 36
9 0 3 0 36
10 0 2 0 47
0 7 2 3 47
10 0 0 2 60
0 4 6 2 60
2 1 6 3 73
8 4 0 0 73
2 4 3 3 73
5 7 0 0 85
2 7 3 0 85
0 3 6 3 97
0 6 3 3 97
3 6 0 3 109
3 3 6 0 109
6 3 0 3 121
6 3 3 0 133
3 9 0 0 145
0 9 3 0 145
7 0 2 3 181
10 2 0 0 181
3 7 2 0 194
0 7 5 0 194
4 0 6 2 206
6 4 0 2 219
0 4 5 3 219
8 1 0 3 231
5 1 6 0 231
5 4 0 3 243
8 0 4 0 243
5 4 3 0 255
0 7 3 2 279
3 6 3 0 303
3 3 3 3 328
7 2 0 3 393
7 3 2 0 393
7 0 5 0 393
4 2 6 0 406
3 4 2 3 420
3 7 0 2 420
4 6 0 2 446
4 0 5 3 446
6 0 4 2 459
6 4 2 0 459
3 4 5 0 472
8 0 1 3 485
11 1 0 0 485
8 1 3 0 485
5 0 6 1 498
5 1 3 3 498
5 0 4 3 511
0 8 4 0 524
7 0 3 2 550
1 2 6 3 589
7 5 0 0 589
7 2 3 0 589
4 3 2 3 602
7 3 0 2 602
4 8 0 0 628
4 2 3 3 628
3 1 6 2 654
0 6 4 2 667
4 5 0 3 667
4 6 2 0 667
4 3 5 0 680
6 2 4 0 693
6 1 2 3 706
3 1 5 3 719
0 8 1 3 732
11 0 1 0 732
8 3 1 0 732
11 0 0 1 745
8 0 3 1 759
0 5 6 1 772
5 6 0 1 772
0 5 4 3 798
5 3 4 0 798
1 8 0 3 837
1 5 6 0 837
1 3 6 2 889
4 5 3 0 915
9 1 0 2 928
2 6 4 0 941
1 6 2 3 967
1 3 5 3 980
3 2 4 3 993
6 2 1 3 993
9 1 2 0 1006
6 1 5 0 1006
3 8 1 0 1032
0 10 1 1 1032
1 10 1 0 1045
5 3 1 3 1059
8 3 0 1 1059
1 10 0 1 1072
0 8 3 1 1086
6 5 0 1 1099
0 6 5 1 1112
5 6 1 0 1112
3 5 4 0 1125
2 3 4 3 1138
1 8 3 0 1151
1 5 3 3 1164
1 9 0 2 1177
9 0 1 2 1203
2 6 1 3 1216
1 9 2 0 1229
1 6 5 0 1229
3 2 6 1 1255
9 2 1 0 1268
6 5 1 0 1268
9 0 2 1 1281
6 0 5 1 1295
3 5 1 3 1309
3 8 0 1 1309
10 0 1 1 1323
1 7 1 3 1338
2 3 6 1 1367
1 4 6 1 1381
0 9 1 2 1508
2 9 1 0 1536
0 9 2 1 1550
9 2 0 1 1578
10 1 0 1 1676
10 1 1 0 1676
4 7 1 0 1691
1 7 4 0 1691
2 9 0 1 1705
7 4 0 1 1719
1 4 4 3 1719
4 1 6 1 1789
7 1 1 3 1804
4 4 1 3 1819
4 7 0 1 1819
0 7 4 1 1833
7 0 4 1 1861
7 4 1 0 1861
4 4 4 0 1875
4 1 4 3 1889
7 1 4 0 1903
